#	A	C	D	E	F	G	H	I	K	L	M	N	P	Q	R	S	T	V	W	Y
P22888	0.06437768240343347	0.0357653791130186	0.02861230329041488	0.04721030042918455	0.06294706723891273	0.044349070100143065	0.015736766809728183	0.07010014306151645	0.055793991416309016	0.13590844062947066	0.022889842632331903	0.055793991416309016	0.04721030042918455	0.02861230329041488	0.04148783977110158	0.07868383404864092	0.07439198855507868	0.045779685264663805	0.00715307582260372	0.03719599427753934
P30968	0.06097560975609756	0.024390243902439025	0.021341463414634148	0.018292682926829267	0.08536585365853659	0.03353658536585366	0.024390243902439025	0.057926829268292686	0.057926829268292686	0.14939024390243902	0.039634146341463415	0.054878048780487805	0.04573170731707317	0.04573170731707317	0.027439024390243903	0.08231707317073171	0.06097560975609756	0.051829268292682924	0.027439024390243903	0.03048780487804878
P30518	0.12668463611859837	0.029649595687331536	0.026954177897574125	0.029649595687331536	0.03773584905660377	0.0646900269541779	0.02425876010781671	0.03234501347708895	0.01078167115902965	0.1320754716981132	0.026954177897574125	0.016172506738544475	0.07008086253369272	0.02425876010781671	0.07816711590296496	0.09433962264150944	0.04582210242587601	0.08086253369272237	0.029649595687331536	0.018867924528301886
P37288	0.0861244019138756	0.03349282296650718	0.028708133971291867	0.028708133971291867	0.05741626794258373	0.05502392344497608	0.014354066985645933	0.05263157894736842	0.0430622009569378	0.07416267942583732	0.03827751196172249	0.04066985645933014	0.05502392344497608	0.03588516746411483	0.05741626794258373	0.09090909090909091	0.0645933014354067	0.08373205741626795	0.03588516746411483	0.023923444976076555
P47901	0.08254716981132075	0.02830188679245283	0.03773584905660377	0.025943396226415096	0.03773584905660377	0.06367924528301887	0.01650943396226415	0.04245283018867924	0.02122641509433962	0.15330188679245282	0.025943396226415096	0.025943396226415096	0.0660377358490566	0.030660377358490566	0.06839622641509434	0.08018867924528301	0.08018867924528301	0.0589622641509434	0.0330188679245283	0.02122641509433962
P30559	0.13624678663239073	0.03598971722365039	0.02313624678663239	0.028277634961439587	0.05398457583547558	0.04627249357326478	0.015424164524421594	0.05141388174807198	0.03598971722365039	0.13367609254498714	0.02056555269922879	0.02570694087403599	0.04113110539845758	0.030848329048843187	0.06426735218508997	0.08483290488431877	0.04113110539845758	0.08226221079691516	0.028277634961439587	0.02056555269922879
Q9BYV1	0.06614785992217899	0.033073929961089495	0.033073929961089495	0.0622568093385214	0.054474708171206226	0.08171206225680934	0.04085603112840467	0.05252918287937743	0.05058365758754864	0.0914396887159533	0.03696498054474708	0.027237354085603113	0.06031128404669261	0.04085603112840467	0.05058365758754864	0.06031128404669261	0.054474708171206226	0.07198443579766536	0.009727626459143969	0.021400778210116732
Q99259	0.06902356902356903	0.021885521885521887	0.050505050505050504	0.06565656565656566	0.050505050505050504	0.07407407407407407	0.02356902356902357	0.05555555555555555	0.0707070707070707	0.09090909090909091	0.030303030303030304	0.04882154882154882	0.03872053872053872	0.04040404040404041	0.04713804713804714	0.06228956228956229	0.058922558922558925	0.05387205387205387	0.015151515151515152	0.03198653198653199
P35520	0.07259528130671507	0.019963702359346643	0.0544464609800363	0.07441016333938294	0.02722323049001815	0.08348457350272233	0.025408348457350273	0.06352087114337568	0.06715063520871144	0.0925589836660617	0.023593466424682397	0.023593466424682397	0.05807622504537205	0.043557168784029036	0.050816696914700546	0.05989110707803993	0.06170598911070781	0.06896551724137931	0.014519056261343012	0.014519056261343012
Q16719	0.07311827956989247	0.01935483870967742	0.047311827956989246	0.07741935483870968	0.043010752688172046	0.06451612903225806	0.04086021505376344	0.07096774193548387	0.08172043010752689	0.11182795698924732	0.01935483870967742	0.043010752688172046	0.04946236559139785	0.023655913978494623	0.034408602150537634	0.047311827956989246	0.043010752688172046	0.06451612903225806	0.010752688172043012	0.034408602150537634
P34896	0.09109730848861283	0.020703933747412008	0.047619047619047616	0.062111801242236024	0.035196687370600416	0.08488612836438923	0.033126293995859216	0.045548654244306416	0.062111801242236024	0.10559006211180125	0.020703933747412008	0.041407867494824016	0.045548654244306416	0.035196687370600416	0.049689440993788817	0.062111801242236024	0.051759834368530024	0.062111801242236024	0.004140786749482402	0.039337474120082816
Q9Y697	0.09846827133479212	0.015317286652078774	0.04814004376367615	0.06345733041575492	0.015317286652078774	0.07221006564551423	0.0262582056892779	0.06564551422319474	0.04814004376367615	0.08096280087527352	0.030634573304157548	0.02188183807439825	0.05908096280087528	0.03938730853391685	0.07221006564551423	0.07221006564551423	0.05032822757111598	0.0787746170678337	0.0087527352297593	0.03282275711159737
P17174	0.08232445520581114	0.009685230024213076	0.04600484261501211	0.06295399515738499	0.05569007263922518	0.06779661016949153	0.021791767554479417	0.04600484261501211	0.05084745762711865	0.08958837772397095	0.014527845036319613	0.06053268765133172	0.05811138014527845	0.03631961259079903	0.053268765133171914	0.06537530266343826	0.053268765133171914	0.07506053268765134	0.021791767554479417	0.029055690072639227
P04181	0.08428246013667426	0.01366742596810934	0.05466970387243736	0.06150341685649203	0.03644646924829157	0.08200455580865604	0.022779043280182234	0.06150341685649203	0.06378132118451026	0.10478359908883828	0.015945330296127564	0.04100227790432802	0.05239179954441914	0.02050113895216401	0.04783599088838269	0.05239179954441914	0.05011389521640091	0.07972665148063782	0.01366742596810934	0.04100227790432802
P11926	0.08676789587852494	0.026030368763557483	0.0737527114967462	0.06073752711496746	0.052060737527114966	0.0650759219088937	0.01735357917570499	0.052060737527114966	0.06290672451193059	0.07158351409978309	0.028199566160520606	0.0368763557483731	0.04772234273318872	0.03470715835140998	0.039045553145336226	0.07158351409978309	0.0455531453362256	0.08026030368763558	0.010845986984815618	0.0368763557483731
Q8N5Z0	0.06823529411764706	0.007058823529411765	0.04941176470588235	0.05176470588235294	0.047058823529411764	0.0611764705882353	0.018823529411764704	0.07529411764705882	0.058823529411764705	0.1011764705882353	0.03529411764705882	0.04941176470588235	0.07294117647058823	0.042352941176470586	0.03764705882352941	0.08470588235294117	0.042352941176470586	0.05411764705882353	0.01411764705882353	0.02823529411764706
P80404	0.072	0.024	0.056	0.058	0.06	0.07	0.032	0.062	0.06	0.098	0.03	0.044	0.052	0.042	0.06	0.064	0.034	0.048	0.01	0.024
Q9NVS9	0.06130268199233716	0.022988505747126436	0.04597701149425287	0.09195402298850575	0.05363984674329502	0.08045977011494253	0.022988505747126436	0.01532567049808429	0.05363984674329502	0.08812260536398467	0.02681992337164751	0.022988505747126436	0.07279693486590039	0.0421455938697318	0.08045977011494253	0.06130268199233716	0.0421455938697318	0.05363984674329502	0.02681992337164751	0.034482758620689655
P17735	0.06607929515418502	0.037444933920704845	0.048458149779735685	0.06607929515418502	0.03303964757709251	0.06607929515418502	0.019823788546255508	0.06828193832599119	0.05506607929515418	0.09911894273127753	0.03303964757709251	0.04185022026431718	0.07048458149779736	0.028634361233480177	0.046255506607929514	0.07268722466960352	0.03524229074889868	0.06828193832599119	0.011013215859030838	0.03303964757709251
Q16773	0.05924170616113744	0.014218009478672985	0.05687203791469194	0.054502369668246446	0.06872037914691943	0.06872037914691943	0.030805687203791468	0.04976303317535545	0.052132701421800945	0.08767772511848342	0.03317535545023697	0.026066350710900472	0.06635071090047394	0.05924170616113744	0.04265402843601896	0.05924170616113744	0.04265402843601896	0.08056872037914692	0.018957345971563982	0.02843601895734597
O15270	0.0800711743772242	0.021352313167259787	0.03914590747330961	0.07651245551601424	0.037366548042704624	0.09074733096085409	0.023131672597864767	0.05871886120996441	0.0498220640569395	0.09074733096085409	0.03202846975088968	0.04092526690391459	0.037366548042704624	0.02491103202846975	0.0693950177935943	0.051601423487544484	0.04804270462633452	0.0693950177935943	0.0071174377224199285	0.051601423487544484
Q9Y600	0.08316430020283976	0.02434077079107505	0.05476673427991886	0.07099391480730223	0.04056795131845842	0.07707910750507099	0.02231237322515213	0.028397565922920892	0.0486815415821501	0.12373225152129817	0.02434077079107505	0.02028397565922921	0.04056795131845842	0.05476673427991886	0.06490872210953347	0.06288032454361055	0.032454361054766734	0.08519269776876268	0.016227180527383367	0.02434077079107505
P19113	0.0755287009063444	0.028700906344410877	0.0513595166163142	0.054380664652567974	0.04984894259818731	0.05740181268882175	0.027190332326283987	0.04682779456193353	0.055891238670694864	0.10120845921450151	0.030211480362537766	0.0256797583081571	0.06042296072507553	0.04078549848942598	0.05740181268882175	0.08610271903323263	0.04682779456193353	0.0649546827794562	0.01812688821752266	0.021148036253776436
Q96A70	0.0891304347826087	0.0391304347826087	0.04782608695652174	0.06521739130434782	0.04782608695652174	0.08260869565217391	0.030434782608695653	0.05	0.05434782608695652	0.09782608695652174	0.02608695652173913	0.021739130434782608	0.04565217391304348	0.03260869565217391	0.02608695652173913	0.07608695652173914	0.041304347826086954	0.08695652173913043	0.013043478260869565	0.02608695652173913
P20132	0.125	0.018292682926829267	0.027439024390243903	0.06097560975609756	0.03048780487804878	0.09451219512195122	0.024390243902439025	0.054878048780487805	0.0701219512195122	0.10365853658536585	0.024390243902439025	0.021341463414634148	0.054878048780487805	0.036585365853658534	0.024390243902439025	0.06402439024390244	0.04573170731707317	0.09146341463414634	0.01524390243902439	0.012195121951219513
O75600	0.11217183770883055	0.02386634844868735	0.0477326968973747	0.05250596658711217	0.03579952267303103	0.1026252983293556	0.028639618138424822	0.059665871121718374	0.03341288782816229	0.10739856801909307	0.026252983293556086	0.02386634844868735	0.04295942720763723	0.03579952267303103	0.07398568019093078	0.06921241050119331	0.03579952267303103	0.057279236276849645	0.00954653937947494	0.021479713603818614
P24298	0.1028225806451613	0.020161290322580645	0.04032258064516129	0.06854838709677419	0.04233870967741935	0.07661290322580645	0.018145161290322582	0.036290322580645164	0.03225806451612903	0.11088709677419355	0.024193548387096774	0.024193548387096774	0.06653225806451613	0.06048387096774194	0.07459677419354839	0.05040322580645161	0.036290322580645164	0.08266129032258064	0.0020161290322580645	0.03024193548387097
Q9Y617	0.08108108108108109	0.01891891891891892	0.04864864864864865	0.051351351351351354	0.04594594594594595	0.08108108108108109	0.016216216216216217	0.05945945945945946	0.07297297297297298	0.0945945945945946	0.024324324324324326	0.05945945945945946	0.04864864864864865	0.02972972972972973	0.02972972972972973	0.07297297297297298	0.02702702702702703	0.0945945945945946	0.008108108108108109	0.03513513513513514
P13196	0.08125	0.0234375	0.0515625	0.0515625	0.040625	0.0671875	0.0359375	0.0375	0.059375	0.0828125	0.0359375	0.03125	0.0578125	0.0484375	0.0578125	0.0859375	0.046875	0.078125	0.003125	0.0234375
P21549	0.07397959183673469	0.015306122448979591	0.04846938775510204	0.04336734693877551	0.025510204081632654	0.09438775510204081	0.03316326530612245	0.05612244897959184	0.05357142857142857	0.13520408163265307	0.02806122448979592	0.025510204081632654	0.06377551020408163	0.04336734693877551	0.04846938775510204	0.06377551020408163	0.04336734693877551	0.058673469387755105	0.012755102040816327	0.03316326530612245
O15269	0.08879492600422834	0.021141649048625793	0.03805496828752643	0.09302325581395349	0.040169133192389	0.06342494714587738	0.021141649048625793	0.07188160676532769	0.06342494714587738	0.11416490486257928	0.016913319238900635	0.03171247357293869	0.046511627906976744	0.040169133192389	0.048625792811839326	0.05708245243128964	0.03805496828752643	0.06765327695560254	0.006342494714587738	0.03171247357293869
P32929	0.07901234567901234	0.024691358024691357	0.04938271604938271	0.05432098765432099	0.044444444444444446	0.07160493827160494	0.044444444444444446	0.05432098765432099	0.05432098765432099	0.10617283950617284	0.024691358024691357	0.0345679012345679	0.04938271604938271	0.044444444444444446	0.03209876543209877	0.07407407407407407	0.05925925925925926	0.06666666666666667	0.007407407407407408	0.024691358024691357
P54687	0.04922279792746114	0.025906735751295335	0.04922279792746114	0.07512953367875648	0.04145077720207254	0.08549222797927461	0.018134715025906734	0.046632124352331605	0.05699481865284974	0.10880829015544041	0.023316062176165803	0.038860103626943004	0.05699481865284974	0.02849740932642487	0.03626943005181347	0.06735751295336788	0.06735751295336788	0.06994818652849741	0.023316062176165803	0.031088082901554404
O15382	0.058673469387755105	0.017857142857142856	0.03571428571428571	0.058673469387755105	0.04081632653061224	0.08418367346938775	0.02295918367346939	0.03826530612244898	0.04591836734693878	0.13010204081632654	0.03316326530612245	0.025510204081632654	0.07142857142857142	0.05102040816326531	0.06377551020408163	0.04336734693877551	0.04336734693877551	0.08163265306122448	0.02806122448979592	0.025510204081632654
O94903	0.08	0.01818181818181818	0.04	0.07636363636363637	0.02909090909090909	0.06545454545454546	0.02909090909090909	0.04727272727272727	0.06909090909090909	0.09454545454545454	0.03272727272727273	0.04727272727272727	0.06181818181818182	0.05090909090909091	0.04727272727272727	0.07272727272727272	0.03272727272727273	0.08363636363636363	0.01090909090909091	0.01090909090909091
P00505	0.10232558139534884	0.01627906976744186	0.04883720930232558	0.04883720930232558	0.04883720930232558	0.08372093023255814	0.02558139534883721	0.05581395348837209	0.06744186046511629	0.07906976744186046	0.027906976744186046	0.037209302325581395	0.04883720930232558	0.04186046511627907	0.053488372093023255	0.05581395348837209	0.04883720930232558	0.06511627906976744	0.01627906976744186	0.027906976744186046
P11216	0.0711743772241993	0.014234875444839857	0.06524317912218268	0.07236061684460261	0.046263345195729534	0.05693950177935943	0.027283511269276393	0.05693950177935943	0.066429418742586	0.09489916963226572	0.02491103202846975	0.04863582443653618	0.046263345195729534	0.033214709371293	0.06287069988137604	0.03795966785290629	0.042704626334519574	0.07829181494661921	0.014234875444839857	0.03914590747330961
P11217	0.07719714964370546	0.009501187648456057	0.06175771971496437	0.07363420427553444	0.048693586698337295	0.057007125890736345	0.027315914489311165	0.05938242280285035	0.05463182897862233	0.09263657957244656	0.027315914489311165	0.05463182897862233	0.04156769596199525	0.035629453681710214	0.07482185273159145	0.035629453681710214	0.04275534441805225	0.07125890736342043	0.014251781472684086	0.040380047505938245
P20711	0.10625	0.025	0.04583333333333333	0.06875	0.05416666666666667	0.0625	0.03333333333333333	0.05416666666666667	0.05	0.09791666666666667	0.03333333333333333	0.029166666666666667	0.04583333333333333	0.029166666666666667	0.06041666666666667	0.058333333333333334	0.035416666666666666	0.06458333333333334	0.01875	0.027083333333333334
Q2TU84	0.08232445520581114	0.009685230024213076	0.04600484261501211	0.06537530266343826	0.05569007263922518	0.06537530266343826	0.021791767554479417	0.04600484261501211	0.05084745762711865	0.08958837772397095	0.014527845036319613	0.06053268765133172	0.05811138014527845	0.03631961259079903	0.053268765133171914	0.06537530266343826	0.053268765133171914	0.07506053268765134	0.021791767554479417	0.029055690072639227
Q53ET4	0.10714285714285714	0.015873015873015872	0.057539682539682536	0.05555555555555555	0.041666666666666664	0.07341269841269842	0.025793650793650792	0.041666666666666664	0.04365079365079365	0.1111111111111111	0.021825396825396824	0.03373015873015873	0.047619047619047616	0.041666666666666664	0.07936507936507936	0.05952380952380952	0.047619047619047616	0.05555555555555555	0.007936507936507936	0.031746031746031744
Q8IUZ5	0.09555555555555556	0.017777777777777778	0.05555555555555555	0.05555555555555555	0.044444444444444446	0.07333333333333333	0.03777777777777778	0.044444444444444446	0.044444444444444446	0.08888888888888889	0.015555555555555555	0.035555555555555556	0.05333333333333334	0.057777777777777775	0.05333333333333334	0.05555555555555555	0.035555555555555556	0.09555555555555556	0.0044444444444444444	0.035555555555555556
P34897	0.10714285714285714	0.015873015873015872	0.057539682539682536	0.05555555555555555	0.041666666666666664	0.07341269841269842	0.023809523809523808	0.041666666666666664	0.04365079365079365	0.1111111111111111	0.021825396825396824	0.03373015873015873	0.047619047619047616	0.041666666666666664	0.08134920634920635	0.05952380952380952	0.047619047619047616	0.05555555555555555	0.007936507936507936	0.031746031746031744
P22557	0.08006814310051108	0.02555366269165247	0.044293015332197615	0.049403747870528106	0.044293015332197615	0.07836456558773425	0.04088586030664395	0.04770017035775128	0.056218057921635436	0.09710391822827939	0.028960817717206135	0.030664395229982964	0.054514480408858604	0.049403747870528106	0.04599659284497445	0.07836456558773425	0.04258943781942078	0.07155025553662692	0.008517887563884156	0.02555366269165247
Q8TD30	0.08604206500956023	0.02676864244741874	0.03824091778202677	0.07265774378585087	0.03441682600382409	0.0745697896749522	0.017208413001912046	0.05927342256214149	0.055449330783938815	0.08221797323135756	0.02676864244741874	0.03824091778202677	0.06309751434034416	0.04780114722753346	0.05927342256214149	0.06500956022944551	0.032504780114722756	0.07648183556405354	0.0057361376673040155	0.03824091778202677
Q9GZT4	0.09705882352941177	0.023529411764705882	0.041176470588235294	0.058823529411764705	0.020588235294117647	0.06470588235294118	0.01764705882352941	0.07352941176470588	0.061764705882352944	0.08529411764705883	0.014705882352941176	0.03823529411764706	0.058823529411764705	0.04411764705882353	0.029411764705882353	0.07058823529411765	0.058823529411764705	0.10588235294117647	0.008823529411764706	0.026470588235294117
Q99707	0.08458498023715415	0.01818181818181818	0.062450592885375494	0.0774703557312253	0.037944664031620556	0.0782608695652174	0.021343873517786563	0.07272727272727272	0.06561264822134387	0.09249011857707509	0.02924901185770751	0.03715415019762846	0.0458498023715415	0.03241106719367589	0.0466403162055336	0.048221343873517786	0.0458498023715415	0.0616600790513834	0.0071146245059288534	0.034782608695652174
Q9UBK8	0.07449856733524356	0.022922636103151862	0.05873925501432665	0.06446991404011461	0.044412607449856735	0.055873925501432664	0.03581661891117478	0.05157593123209169	0.05873925501432665	0.12177650429799428	0.0071633237822349575	0.024355300859598854	0.054441260744985676	0.055873925501432664	0.045845272206303724	0.08022922636103152	0.045845272206303724	0.0673352435530086	0.008595988538681949	0.02148997134670487
P42898	0.05945121951219512	0.01676829268292683	0.04878048780487805	0.09603658536585366	0.04725609756097561	0.06859756097560976	0.021341463414634148	0.051829268292682924	0.051829268292682924	0.09908536585365854	0.018292682926829267	0.04573170731707317	0.06402439024390244	0.027439024390243903	0.057926829268292686	0.06859756097560976	0.04573170731707317	0.054878048780487805	0.024390243902439025	0.03201219512195122
P11586	0.08663101604278074	0.012834224598930482	0.04919786096256684	0.06524064171122995	0.033155080213903745	0.08342245989304813	0.022459893048128343	0.07165775401069518	0.06737967914438503	0.09518716577540107	0.0213903743315508	0.040641711229946524	0.057754010695187166	0.033155080213903745	0.044919786096256686	0.045989304812834225	0.06737967914438503	0.07914438502673797	0.0053475935828877	0.017112299465240642
P13995	0.09714285714285714	0.008571428571428572	0.045714285714285714	0.06	0.008571428571428572	0.07142857142857142	0.03142857142857143	0.07428571428571429	0.06285714285714286	0.09428571428571429	0.03142857142857143	0.05142857142857143	0.05714285714285714	0.025714285714285714	0.054285714285714284	0.05142857142857143	0.04857142857142857	0.10571428571428572	0.008571428571428572	0.011428571428571429
P48728	0.08436724565756824	0.02481389578163772	0.04714640198511166	0.04714640198511166	0.02481389578163772	0.08684863523573201	0.02729528535980149	0.02481389578163772	0.04218362282878412	0.11910669975186104	0.03722084367245657	0.02729528535980149	0.052109181141439205	0.04218362282878412	0.06947890818858561	0.05955334987593052	0.05459057071960298	0.09925558312655088	0.007444168734491315	0.022332506203473945
O95954	0.12199630314232902	0.022181146025878003	0.04436229205175601	0.07948243992606285	0.03512014787430684	0.07393715341959335	0.011090573012939002	0.033271719038817	0.03512014787430684	0.12014787430683918	0.018484288354898338	0.025878003696857672	0.051756007393715345	0.04621072088724584	0.07393715341959335	0.053604436229205174	0.04805914972273567	0.07763401109057301	0.0073937153419593345	0.02033271719038817
P31939	0.11148648648648649	0.015202702702702704	0.05574324324324324	0.0625	0.03209459459459459	0.06418918918918919	0.02195945945945946	0.05067567567567568	0.0625	0.09628378378378379	0.016891891891891893	0.04054054054054054	0.04222972972972973	0.033783783783783786	0.0472972972972973	0.06587837837837837	0.05405405405405406	0.08783783783783784	0.008445945945945946	0.030405405405405407
Q14749	0.08135593220338982	0.02711864406779661	0.07457627118644068	0.04067796610169491	0.030508474576271188	0.0847457627118644	0.03389830508474576	0.03728813559322034	0.0576271186440678	0.09830508474576272	0.020338983050847456	0.02711864406779661	0.04067796610169491	0.03728813559322034	0.05084745762711865	0.06440677966101695	0.05084745762711865	0.07796610169491526	0.01694915254237288	0.04745762711864407
P21964	0.07749077490774908	0.02952029520295203	0.06273062730627306	0.06273062730627306	0.02214022140221402	0.07749077490774908	0.02952029520295203	0.055350553505535055	0.05166051660516605	0.15498154981549817	0.02214022140221402	0.025830258302583026	0.05166051660516605	0.04059040590405904	0.03690036900369004	0.033210332103321034	0.033210332103321034	0.08487084870848709	0.01845018450184502	0.02952029520295203
P30613	0.11149825783972125	0.012195121951219513	0.04355400696864112	0.06620209059233449	0.029616724738675958	0.08710801393728224	0.017421602787456445	0.07142857142857142	0.03484320557491289	0.08362369337979095	0.020905923344947737	0.024390243902439025	0.04878048780487805	0.04006968641114982	0.07665505226480836	0.06794425087108014	0.041811846689895474	0.09930313588850175	0.006968641114982578	0.0156794425087108
P11177	0.10584958217270195	0.016713091922005572	0.04178272980501393	0.06963788300835655	0.04178272980501393	0.08356545961002786	0.019498607242339833	0.07242339832869081	0.052924791086350974	0.06128133704735376	0.03899721448467967	0.036211699164345405	0.06128133704735376	0.033426183844011144	0.05013927576601671	0.05013927576601671	0.036211699164345405	0.09192200557103064	0.013927576601671309	0.022284122562674095
P14618	0.1016949152542373	0.018832391713747645	0.054613935969868174	0.0696798493408663	0.032015065913371	0.07721280602636535	0.022598870056497175	0.07344632768361582	0.0696798493408663	0.07156308851224105	0.030131826741996232	0.032015065913371	0.04519774011299435	0.02824858757062147	0.0583804143126177	0.05273069679849341	0.054613935969868174	0.0847457627118644	0.005649717514124294	0.01694915254237288
P53985	0.076	0.024	0.028	0.038	0.068	0.114	0.012	0.064	0.058	0.104	0.028	0.032	0.056	0.024	0.028	0.076	0.042	0.078	0.012	0.038
P11498	0.09847198641765705	0.011035653650254669	0.05178268251273345	0.06706281833616298	0.044142614601018676	0.07979626485568761	0.03225806451612903	0.04753820033955857	0.04753820033955857	0.08913412563667232	0.029711375212224108	0.03225806451612903	0.056876061120543296	0.03904923599320883	0.06112054329371817	0.0466893039049236	0.0500848896434635	0.08488964346349745	0.0025466893039049238	0.02801358234295416
Q9UHI5	0.07663551401869159	0.020560747663551402	0.022429906542056073	0.05046728971962617	0.059813084112149535	0.09345794392523364	0.009345794392523364	0.07663551401869159	0.03925233644859813	0.11775700934579439	0.022429906542056073	0.03551401869158879	0.059813084112149535	0.029906542056074768	0.024299065420560748	0.056074766355140186	0.05046728971962617	0.09719626168224299	0.020560747663551402	0.037383177570093455
P00439	0.061946902654867256	0.01991150442477876	0.05309734513274336	0.07964601769911504	0.059734513274336286	0.05530973451327434	0.028761061946902654	0.061946902654867256	0.06637168141592921	0.11061946902654868	0.00663716814159292	0.035398230088495575	0.05088495575221239	0.04424778761061947	0.05309734513274336	0.061946902654867256	0.05309734513274336	0.0420353982300885	0.00663716814159292	0.048672566371681415
P07101	0.11742424242424243	0.013257575757575758	0.054924242424242424	0.08143939393939394	0.05113636363636364	0.058712121212121215	0.028409090909090908	0.030303030303030304	0.041666666666666664	0.09659090909090909	0.007575757575757576	0.005681818181818182	0.07386363636363637	0.043560606060606064	0.07575757575757576	0.07386363636363637	0.045454545454545456	0.06060606060606061	0.007575757575757576	0.032196969696969696
P05166	0.10946196660482375	0.02040816326530612	0.059369202226345084	0.04638218923933209	0.05009276437847866	0.08719851576994433	0.02040816326530612	0.06493506493506493	0.04452690166975881	0.06679035250463822	0.022263450834879406	0.03896103896103896	0.04638218923933209	0.027829313543599257	0.06307977736549165	0.061224489795918366	0.05009276437847866	0.09276437847866419	0.0037105751391465678	0.02411873840445269
O00763	0.0691619202603743	0.014239218877135883	0.050854353132628156	0.07200976403580146	0.04149715215622457	0.06468673718470301	0.02725793327908869	0.06265256305939788	0.04922701383238405	0.09641985353946297	0.02888527257933279	0.037021969080553295	0.053295362082994305	0.043124491456468676	0.05899104963384866	0.06712774613506917	0.04922701383238405	0.07119609438567942	0.011798209926769731	0.03132628152969894
Q9Y5K3	0.06775067750677506	0.013550135501355014	0.05962059620596206	0.08943089430894309	0.04607046070460705	0.037940379403794036	0.02710027100271003	0.04336043360433604	0.06504065040650407	0.06233062330623306	0.024390243902439025	0.02981029810298103	0.07317073170731707	0.037940379403794036	0.06775067750677506	0.0975609756097561	0.06233062330623306	0.056910569105691054	0.01084010840108401	0.02710027100271003
P22303	0.08957654723127036	0.013029315960912053	0.04723127035830619	0.05537459283387622	0.04723127035830619	0.09446254071661238	0.024429967426710098	0.014657980456026058	0.016286644951140065	0.11237785016286644	0.014657980456026058	0.02768729641693811	0.08306188925081433	0.03908794788273615	0.07003257328990228	0.05863192182410423	0.04234527687296417	0.08794788273615635	0.02768729641693811	0.03420195439739414
P49585	0.07356948228882834	0.01634877384196185	0.06267029972752043	0.09264305177111716	0.04632152588555858	0.051771117166212535	0.027247956403269755	0.043596730245231606	0.07901907356948229	0.04632152588555858	0.021798365122615803	0.0326975476839237	0.06267029972752043	0.0326975476839237	0.07356948228882834	0.08174386920980926	0.04087193460490463	0.07356948228882834	0.008174386920980926	0.0326975476839237
O14939	0.06538049303322616	0.015005359056806002	0.05894962486602358	0.05680600214362272	0.04072883172561629	0.06645230439442658	0.03536977491961415	0.04394426580921758	0.04072883172561629	0.12004287245444802	0.01822079314040729	0.02465166130760986	0.055734190782422297	0.03644158628081458	0.07502679528403002	0.06966773847802786	0.06002143622722401	0.06002143622722401	0.021436227224008574	0.03536977491961415
P06276	0.05647840531561462	0.016611295681063124	0.03986710963455149	0.061461794019933555	0.06976744186046512	0.07807308970099668	0.016611295681063124	0.05149501661129568	0.061461794019933555	0.09136212624584718	0.02159468438538206	0.0664451827242525	0.04983388704318937	0.03322259136212625	0.03986710963455149	0.06478405315614617	0.061461794019933555	0.054817275747508304	0.03156146179401993	0.03322259136212625
Q13393	0.056797020484171325	0.0111731843575419	0.05307262569832402	0.06890130353817504	0.049348230912476726	0.056797020484171325	0.040968342644320296	0.07355679702048418	0.06890130353817504	0.08472998137802606	0.021415270018621976	0.04283054003724395	0.04283054003724395	0.036312849162011177	0.0670391061452514	0.06890130353817504	0.040968342644320296	0.0595903165735568	0.017690875232774673	0.038175046554934824
P36544	0.05976095617529881	0.035856573705179286	0.053784860557768925	0.045816733067729085	0.043824701195219126	0.061752988047808766	0.025896414342629483	0.05179282868525897	0.0398406374501992	0.11155378486055777	0.027888446215139442	0.03187250996015936	0.06374501992031872	0.035856573705179286	0.045816733067729085	0.07370517928286853	0.04183266932270916	0.08764940239043825	0.025896414342629483	0.035856573705179286
P30825	0.10015898251192369	0.02384737678855326	0.03656597774244833	0.04133545310015898	0.057233704292527825	0.08585055643879173	0.0047694753577106515	0.06518282988871224	0.03815580286168521	0.1287758346581876	0.030206677265500796	0.03815580286168521	0.04133545310015898	0.022257551669316374	0.028616852146263912	0.06995230524642289	0.05564387917329094	0.0890302066772655	0.01589825119236884	0.02702702702702703
O43246	0.11181102362204724	0.012598425196850394	0.023622047244094488	0.029921259842519685	0.05669291338582677	0.08346456692913386	0.025196850393700787	0.048818897637795275	0.012598425196850394	0.15590551181102363	0.025196850393700787	0.01732283464566929	0.05669291338582677	0.03307086614173228	0.03622047244094488	0.08976377952755905	0.047244094488188976	0.08188976377952756	0.01889763779527559	0.03307086614173228
Q8WY07	0.09369951534733441	0.01615508885298869	0.024232633279483037	0.04361873990306947	0.051696284329563816	0.08239095315024232	0.012924071082390954	0.05977382875605816	0.022617124394184167	0.1518578352180937	0.027463651050080775	0.01615508885298869	0.046849757673667204	0.027463651050080775	0.035541195476575124	0.0791599353796446	0.061389337641357025	0.09046849757673667	0.01938610662358643	0.03715670436187399
P52569	0.10790273556231003	0.02127659574468085	0.02735562310030395	0.041033434650455926	0.06534954407294832	0.07142857142857142	0.010638297872340425	0.05623100303951368	0.034954407294832825	0.12917933130699089	0.030395136778115502	0.025835866261398176	0.044072948328267476	0.025835866261398176	0.03343465045592705	0.08358662613981763	0.05623100303951368	0.08054711246200608	0.015197568389057751	0.03951367781155015
P29474	0.08063175394846218	0.024106400665004156	0.04239401496259352	0.06400665004156277	0.03906899418121363	0.0773067331670823	0.020781379883624274	0.03158769742310889	0.030756442227763924	0.10640066500415628	0.014131338320864505	0.023275145469659187	0.0889443059019119	0.05901911886949293	0.0739817123857024	0.06733167082294264	0.05320033250207814	0.060681629260182876	0.017456359102244388	0.02493765586034913
P04424	0.09482758620689655	0.010775862068965518	0.05603448275862069	0.06465517241379311	0.032327586206896554	0.07327586206896551	0.023706896551724137	0.03879310344827586	0.04310344827586207	0.125	0.032327586206896554	0.028017241379310345	0.023706896551724137	0.05172413793103448	0.06465517241379311	0.07758620689655173	0.05387931034482758	0.0625	0.021551724137931036	0.021551724137931036
P35228	0.062445793581960105	0.023417172593235037	0.045099739809193407	0.06591500433651344	0.04423243712055507	0.05897658282740677	0.03469210754553339	0.03555941023417172	0.058109280138768434	0.10147441457068516	0.02515177797051171	0.032090199479618386	0.06331309627059845	0.053772766695576756	0.058109280138768434	0.06764960971379011	0.05117085862966175	0.06851691240242845	0.01821335646140503	0.032090199479618386
P78540	0.06779661016949153	0.014124293785310734	0.06497175141242938	0.0480225988700565	0.031073446327683617	0.07909604519774012	0.03672316384180791	0.06497175141242938	0.03672316384180791	0.10734463276836158	0.014124293785310734	0.031073446327683617	0.059322033898305086	0.03954802259887006	0.05649717514124294	0.0903954802259887	0.05084745762711865	0.07909604519774012	0.005649717514124294	0.022598870056497175
P00966	0.06796116504854369	0.012135922330097087	0.038834951456310676	0.08495145631067962	0.03640776699029126	0.07524271844660194	0.024271844660194174	0.06553398058252427	0.08009708737864078	0.0825242718446602	0.021844660194174758	0.038834951456310676	0.04854368932038835	0.0412621359223301	0.04854368932038835	0.05825242718446602	0.043689320388349516	0.07281553398058252	0.012135922330097087	0.04611650485436893
Q54873	0.058161350844277676	0.0009380863039399625	0.07129455909943715	0.07035647279549719	0.03377110694183865	0.05909943714821764	0.0150093808630394	0.054409005628517824	0.09662288930581614	0.075046904315197	0.02345215759849906	0.054409005628517824	0.02626641651031895	0.05065666041275797	0.03189493433395872	0.08911819887429644	0.06941838649155722	0.058161350844277676	0.01594746716697936	0.04596622889305816
P24300	0.1211340206185567	0.002577319587628866	0.09536082474226804	0.07216494845360824	0.059278350515463915	0.09536082474226804	0.02577319587628866	0.028350515463917526	0.028350515463917526	0.10051546391752578	0.020618556701030927	0.02577319587628866	0.04896907216494845	0.028350515463917526	0.09020618556701031	0.028350515463917526	0.041237113402061855	0.04896907216494845	0.015463917525773196	0.023195876288659795
P09172	0.06645056726094004	0.024311183144246355	0.04051863857374392	0.06320907617504051	0.04051863857374392	0.06969205834683954	0.03403565640194489	0.04862236628849271	0.03727714748784441	0.10210696920583469	0.022690437601296597	0.03403565640194489	0.07455429497568881	0.050243111831442464	0.04700162074554295	0.06645056726094004	0.05186385737439222	0.06969205834683954	0.014586709886547812	0.04213938411669368
Q32P28	0.09239130434782608	0.020380434782608696	0.050271739130434784	0.09646739130434782	0.043478260869565216	0.05434782608695652	0.02309782608695652	0.02309782608695652	0.042119565217391304	0.10326086956521739	0.021739130434782608	0.033967391304347824	0.05434782608695652	0.051630434782608696	0.059782608695652176	0.06114130434782609	0.04755434782608696	0.0625	0.008152173913043478	0.050271739130434784
Q8IVL5	0.08050847457627118	0.022598870056497175	0.05508474576271186	0.09887005649717515	0.03531073446327684	0.0635593220338983	0.031073446327683617	0.03389830508474576	0.03954802259887006	0.10875706214689265	0.01977401129943503	0.03389830508474576	0.0635593220338983	0.03248587570621469	0.08050847457627118	0.05367231638418079	0.03248587570621469	0.05084745762711865	0.007062146892655367	0.05649717514124294
Q8IVL6	0.11684782608695653	0.019021739130434784	0.04619565217391304	0.09103260869565218	0.021739130434782608	0.07744565217391304	0.024456521739130436	0.010869565217391304	0.02309782608695652	0.1331521739130435	0.012228260869565218	0.014945652173913044	0.08288043478260869	0.057065217391304345	0.09782608695652174	0.04619565217391304	0.03804347826086957	0.043478260869565216	0.016304347826086956	0.02717391304347826
P13674	0.06741573033707865	0.009363295880149813	0.0749063670411985	0.07677902621722846	0.03745318352059925	0.06179775280898876	0.02247191011235955	0.054307116104868915	0.08239700374531835	0.10112359550561797	0.018726591760299626	0.03745318352059925	0.04119850187265917	0.03932584269662921	0.04868913857677903	0.054307116104868915	0.05805243445692884	0.052434456928838954	0.020599250936329586	0.04119850187265917
Q9GZT9	0.10093896713615023	0.035211267605633804	0.06572769953051644	0.0539906103286385	0.025821596244131457	0.11032863849765258	0.023474178403755867	0.03286384976525822	0.07746478873239436	0.06103286384976526	0.014084507042253521	0.035211267605633804	0.07981220657276995	0.03286384976525822	0.06572769953051644	0.06103286384976526	0.03051643192488263	0.051643192488262914	0.011737089201877934	0.03051643192488263
Q96KS0	0.10810810810810811	0.03194103194103194	0.04176904176904177	0.06142506142506143	0.014742014742014743	0.11056511056511056	0.019656019656019656	0.0343980343980344	0.03194103194103194	0.07862407862407862	0.0171990171990172	0.019656019656019656	0.09336609336609336	0.04668304668304668	0.07862407862407862	0.07371007371007371	0.029484029484029485	0.05896805896805897	0.014742014742014743	0.0343980343980344
Q9H6Z9	0.06276150627615062	0.03765690376569038	0.058577405857740586	0.07112970711297072	0.04184100418410042	0.09205020920502092	0.029288702928870293	0.05439330543933055	0.05439330543933055	0.10460251046025104	0.016736401673640166	0.03765690376569038	0.03765690376569038	0.016736401673640166	0.0794979079497908	0.03765690376569038	0.03765690376569038	0.06276150627615062	0.016736401673640166	0.0502092050209205
P07998	0.03205128205128205	0.05128205128205128	0.038461538461538464	0.04487179487179487	0.02564102564102564	0.04487179487179487	0.03205128205128205	0.02564102564102564	0.057692307692307696	0.08333333333333333	0.038461538461538464	0.057692307692307696	0.05128205128205128	0.05128205128205128	0.07051282051282051	0.11538461538461539	0.05128205128205128	0.08974358974358974	0.00641025641025641	0.03205128205128205
P61626	0.10135135135135136	0.05405405405405406	0.05405405405405406	0.02027027027027027	0.013513513513513514	0.08783783783783784	0.006756756756756757	0.04054054054054054	0.04054054054054054	0.08783783783783784	0.02027027027027027	0.06756756756756757	0.013513513513513514	0.0472972972972973	0.0945945945945946	0.0472972972972973	0.04054054054054054	0.08783783783783784	0.033783783783783786	0.04054054054054054
P08243	0.0677361853832442	0.017825311942959002	0.05525846702317291	0.07308377896613191	0.0570409982174688	0.058823529411764705	0.035650623885918005	0.0481283422459893	0.06951871657754011	0.1051693404634581	0.024955436720142603	0.035650623885918005	0.04634581105169341	0.0285204991087344	0.0481283422459893	0.053475935828877004	0.04634581105169341	0.0659536541889483	0.012477718360071301	0.049910873440285206
Q03154	0.08823529411764706	0.00980392156862745	0.049019607843137254	0.07598039215686274	0.056372549019607844	0.058823529411764705	0.03676470588235294	0.02696078431372549	0.03676470588235294	0.0784313725490196	0.024509803921568627	0.02696078431372549	0.07107843137254902	0.03676470588235294	0.061274509803921566	0.061274509803921566	0.06372549019607843	0.09068627450980392	0.022058823529411766	0.024509803921568627
P43005	0.07824427480916031	0.011450381679389313	0.04198473282442748	0.05152671755725191	0.04961832061068702	0.07061068702290077	0.003816793893129771	0.09541984732824428	0.05534351145038168	0.1049618320610687	0.04198473282442748	0.03816793893129771	0.03244274809160305	0.026717557251908396	0.030534351145038167	0.06297709923664122	0.07251908396946564	0.10305343511450382	0.007633587786259542	0.02099236641221374
Q5T6L4	0.06796116504854369	0.012135922330097087	0.038834951456310676	0.08495145631067962	0.03640776699029126	0.07524271844660194	0.024271844660194174	0.06553398058252427	0.08009708737864078	0.0825242718446602	0.021844660194174758	0.038834951456310676	0.04854368932038835	0.0412621359223301	0.04854368932038835	0.05825242718446602	0.043689320388349516	0.07281553398058252	0.012135922330097087	0.04611650485436893
Q7L266	0.11038961038961038	0.01948051948051948	0.06493506493506493	0.05844155844155844	0.016233766233766232	0.12987012987012986	0.022727272727272728	0.045454545454545456	0.07467532467532467	0.07142857142857142	0.02922077922077922	0.03571428571428571	0.03571428571428571	0.022727272727272728	0.032467532467532464	0.048701298701298704	0.06168831168831169	0.09740259740259741	0.00974025974025974	0.012987012987012988
